b.M:1.23:2 
d.L:1.4999999999999998:1 
d.L	c.H:1.2:3 
a.L:1.5:2 
a.L	c.H:1.0:2 
c.H:1.9000000000000001:2 
