b.M : 1.23 
d.L : 1.4999999999999998 
a.L : 1.5 
a.L	c.H : 1.0 
c.H : 1.9000000000000001 
